fecha	objective	metric	first_metric_only	boost_from_average	feature_pre_filter	verbosity	max_depth	min_gain_to_split	lambda_l1	lambda_l2	max_bin	num_iterations	force_row_wise	seed	learning_rate	feature_fraction	min_data_in_leaf	num_leaves	envios	ganancia	iteracion
20221014 180402	binary	custom	TRUE	TRUE	FALSE	-100	-1	0	0	0	31	44	TRUE	376291	0.251877969374123	0.563144241860136	1858	112	9420	11976000	1
20221014 180754	binary	custom	TRUE	TRUE	FALSE	-100	-1	0	0	0	31	125	TRUE	376291	0.101645827699162	0.37260232059285	6926	385	12310	8196000	2
20221014 181041	binary	custom	TRUE	TRUE	FALSE	-100	-1	0	0	0	31	53	TRUE	376291	0.128257390386134	0.501962155392393	5346	785	11653	9444000	3
20221014 181407	binary	custom	TRUE	TRUE	FALSE	-100	-1	0	0	0	31	72	TRUE	376291	0.121688087721705	0.4043355502747	2067	436	6120	16360000	4
20221014 181547	binary	custom	TRUE	TRUE	FALSE	-100	-1	0	0	0	31	24	TRUE	376291	0.191256014117098	0.813598527768627	3156	630	10020	11928000	5
20221014 181736	binary	custom	TRUE	TRUE	FALSE	-100	-1	0	0	0	31	22	TRUE	376291	0.154920791431039	0.74235059723258	2491	478	13083	7400000	6
20221014 181947	binary	custom	TRUE	TRUE	FALSE	-100	-1	0	0	0	31	32	TRUE	376291	0.266213864699879	0.899808391509578	1135	710	7195	14434000	7
20221014 182242	binary	custom	TRUE	TRUE	FALSE	-100	-1	0	0	0	31	57	TRUE	376291	0.0915245337670785	0.303115105619654	3407	841	11138	10226000	8
20221014 182504	binary	custom	TRUE	TRUE	FALSE	-100	-1	0	0	0	31	53	TRUE	376291	0.201688058449479	0.453930703345686	7583	560	9648	11710000	9
20221014 182833	binary	custom	TRUE	TRUE	FALSE	-100	-1	0	0	0	31	65	TRUE	376291	0.0756497856708011	0.530846193069592	4860	267	12899	7842000	10
20221014 183004	binary	custom	TRUE	TRUE	FALSE	-100	-1	0	0	0	31	24	TRUE	376291	0.176165410694899	0.988691174639389	4635	27	14750	4988000	11
20221014 184813	binary	custom	TRUE	TRUE	FALSE	-100	-1	0	0	0	31	684	TRUE	376291	0.0128292199966381	0.277162505378947	6189	969	7849	14086000	12
20221014 185052	binary	custom	TRUE	TRUE	FALSE	-100	-1	0	0	0	31	64	TRUE	376291	0.236640266334056	0.667938546258956	1467	341	10695	10322000	13
20221014 185250	binary	custom	TRUE	TRUE	FALSE	-100	-1	0	0	0	31	39	TRUE	376291	0.143815775892755	0.685763459363952	4099	908	14014	5964000	14
20221014 185441	binary	custom	TRUE	TRUE	FALSE	-100	-1	0	0	0	31	61	TRUE	376291	0.283205371434859	0.84811754591763	5998	134	5915	15754000	15
20221014 190053	binary	custom	TRUE	TRUE	FALSE	-100	-1	0	0	0	31	240	TRUE	376291	0.0473567477233009	0.953728083660826	3705	588	5485	17174000	16
20221014 190416	binary	custom	TRUE	TRUE	FALSE	-100	-1	0	0	0	31	71	TRUE	376291	0.219673356120533	0.21067983277142	552	743	6739	14666000	17
20221014 190859	binary	custom	TRUE	TRUE	FALSE	-100	-1	0	0	0	31	150	TRUE	376291	0.0585642237336724	0.325513941124082	7848	274	8899	12682000	18
20221014 191031	binary	custom	TRUE	TRUE	FALSE	-100	-1	0	0	0	31	37	TRUE	376291	0.287984864923463	0.797864156076685	6795	1009	8090	13372000	19
20221014 191836	binary	custom	TRUE	TRUE	FALSE	-100	-1	0	0	0	31	104	TRUE	376291	0.0314805574575439	0.622674702527002	96	190	13828	6110000	20
20221014 192227	binary	custom	TRUE	TRUE	FALSE	-100	-1	0	0	0	31	141	TRUE	376291	0.0853181760443882	0.729427196375944	4431	516	5000	17336000	21
20221014 200152	binary	custom	TRUE	TRUE	FALSE	-100	-1	0	0	0	31	1587	TRUE	376291	0.00527901622691438	0.779443533467817	3660	217	5002	17408000	22
20221014 200545	binary	custom	TRUE	TRUE	FALSE	-100	-1	0	0	0	31	131	TRUE	376291	0.0790393534253954	0.882319792310197	3642	244	5000	17400000	23
20221014 201339	binary	custom	TRUE	TRUE	FALSE	-100	-1	0	0	0	31	332	TRUE	376291	0.0352674718876245	0.8240023060614	4350	351	5000	17416000	24
20221014 202022	binary	custom	TRUE	TRUE	FALSE	-100	-1	0	0	0	31	233	TRUE	376291	0.0446858985174496	0.76196846224333	2811	405	5000	17512000	25
20221014 202526	binary	custom	TRUE	TRUE	FALSE	-100	-1	0	0	0	31	217	TRUE	376291	0.0547653051358485	0.719134618765158	2999	17	5000	17344000	26
20221014 203053	binary	custom	TRUE	TRUE	FALSE	-100	-1	0	0	0	31	196	TRUE	376291	0.0549924876855332	0.748009221497675	3317	310	5290	17292000	27
20221014 210548	binary	custom	TRUE	TRUE	FALSE	-100	-1	0	0	0	31	1201	TRUE	376291	0.00647277155677339	0.826888984755911	2497	723	5000	17592000	28
20221014 213022	binary	custom	TRUE	TRUE	FALSE	-100	-1	0	0	0	31	691	TRUE	376291	0.0119411168133066	0.506446534906434	2331	711	5000	17552000	29
20221014 214030	binary	custom	TRUE	TRUE	FALSE	-100	-1	0	0	0	31	344	TRUE	376291	0.0251818956179643	0.636507008563867	2643	990	5001	17576000	30
20221014 220526	binary	custom	TRUE	TRUE	FALSE	-100	-1	0	0	0	31	330	TRUE	376291	0.0130796706923138	0.640361991940684	385	888	5000	17536000	31
20221014 221744	binary	custom	TRUE	TRUE	FALSE	-100	-1	0	0	0	31	353	TRUE	376291	0.0211910980253334	0.630405424577789	1978	845	5000	17704000	32
20221014 222444	binary	custom	TRUE	TRUE	FALSE	-100	-1	0	0	0	31	172	TRUE	376291	0.0340713551114015	0.99851821129028	1771	888	5000	17520000	33
20221014 223004	binary	custom	TRUE	TRUE	FALSE	-100	-1	0	0	0	31	144	TRUE	376291	0.0537828513904833	0.630577643462806	1817	834	5000	17576000	34
20221014 225420	binary	custom	TRUE	TRUE	FALSE	-100	-1	0	0	0	31	1103	TRUE	376291	0.00720807054465624	0.989769723122677	7731	887	5001	16416000	35
20221014 231807	binary	custom	TRUE	TRUE	FALSE	-100	-1	0	0	0	31	608	TRUE	376291	0.0117161431572087	0.605588938066037	1600	340	5001	17744000	36
20221014 234217	binary	custom	TRUE	TRUE	FALSE	-100	-1	0	0	0	31	585	TRUE	376291	0.0113790806452543	0.358986549430766	1177	139	5000	17784000	37
20221015 000203	binary	custom	TRUE	TRUE	FALSE	-100	-1	0	0	0	31	396	TRUE	376291	0.0156001216991489	0.479102759494959	910	150	5001	17856000	38
20221015 001829	binary	custom	TRUE	TRUE	FALSE	-100	-1	0	0	0	31	226	TRUE	376291	0.0134047232244472	0.452052107602053	20	150	5000	17160000	39
20221015 003216	binary	custom	TRUE	TRUE	FALSE	-100	-1	0	0	0	31	330	TRUE	376291	0.0211845484935708	0.488663423783891	1466	136	5002	17808000	40
20221015 005238	binary	custom	TRUE	TRUE	FALSE	-100	-1	0	0	0	31	469	TRUE	376291	0.0115033643461223	0.850997063246605	1019	152	5000	17648000	41
20221015 010154	binary	custom	TRUE	TRUE	FALSE	-100	-1	0	0	0	31	187	TRUE	376291	0.0322912568996253	0.557942461028695	1035	92	5013	17636000	42
20221015 010431	binary	custom	TRUE	TRUE	FALSE	-100	-1	0	0	0	31	87	TRUE	376291	0.155867168958203	0.942951328873408	5044	999	5002	17256000	43
20221015 010652	binary	custom	TRUE	TRUE	FALSE	-100	-1	0	0	0	31	58	TRUE	376291	0.106257064501047	0.998782717172343	6030	151	5000	16480000	44
20221015 013121	binary	custom	TRUE	TRUE	FALSE	-100	-1	0	0	0	31	972	TRUE	376291	0.00775436895824834	0.876760111543969	4410	993	5002	17208000	45
20221015 013354	binary	custom	TRUE	TRUE	FALSE	-100	-1	0	0	0	31	55	TRUE	376291	0.202816376495485	0.402677809285996	4214	19	5000	17008000	46
20221015 123313	binary	custom	TRUE	TRUE	FALSE	-100	-1	0	0	0	31	39	TRUE	376291	0.299917609016656	0.875254354466943	3845	889	5000	16680000	47
20221015 123556	binary	custom	TRUE	TRUE	FALSE	-100	-1	0	0	0	31	87	TRUE	376291	0.205551898228078	0.234510613240357	4548	97	5000	16816000	48
20221015 131526	binary	custom	TRUE	TRUE	FALSE	-100	-1	0	0	0	31	941	TRUE	376291	0.00715652682319074	0.465851049935254	1084	236	5001	17800000	49
20221015 141246	binary	custom	TRUE	TRUE	FALSE	-100	-1	0	0	0	31	2222	TRUE	376291	0.00503345584513663	0.41321488101717	1865	20	5001	17552000	50
20221015 141602	binary	custom	TRUE	TRUE	FALSE	-100	-1	0	0	0	31	92	TRUE	376291	0.198044625917955	0.465812051895154	7979	1017	5002	16264000	51
20221015 141856	binary	custom	TRUE	TRUE	FALSE	-100	-1	0	0	0	31	65	TRUE	376291	0.157762972507911	0.853200509474795	1451	1024	5001	16672000	52
20221020 120919	binary	custom	TRUE	TRUE	FALSE	-100	-1	0	0	0	31	107	TRUE	376291	0.201469109063107	0.412262424737033	7975	1000	5000	16256000	53
20221020 121227	binary	custom	TRUE	TRUE	FALSE	-100	-1	0	0	0	31	65	TRUE	376291	0.157762972507911	0.853200509474795	1451	1024	5001	16672000	54
20221020 123300	binary	custom	TRUE	TRUE	FALSE	-100	-1	0	0	0	31	490	TRUE	376291	0.0136543731127385	0.372564747127655	978	1007	5000	17800000	55
20221020 125222	binary	custom	TRUE	TRUE	FALSE	-100	-1	0	0	0	31	648	TRUE	376291	0.0146160908665564	0.202750681797066	1388	934	5000	17800000	56
20221020 125547	binary	custom	TRUE	TRUE	FALSE	-100	-1	0	0	0	31	114	TRUE	376291	0.130261797655264	0.211563748450735	4390	971	5002	17216000	57
20221020 132353	binary	custom	TRUE	TRUE	FALSE	-100	-1	0	0	0	31	792	TRUE	376291	0.00810026886836882	0.739659036359885	1353	921	5003	17752000	58
20221020 135529	binary	custom	TRUE	TRUE	FALSE	-100	-1	0	0	0	31	677	TRUE	376291	0.00879473046232516	0.520924232886262	990	823	5003	17744000	59
20221020 152242	binary	custom	TRUE	TRUE	FALSE	-100	-1	0	0	0	31	56	TRUE	376291	0.20721974501938	0.999917123419367	4396	537	5002	17520000	60
