fecha	objective	metric	first_metric_only	boost_from_average	feature_pre_filter	verbosity	max_depth	min_gain_to_split	lambda_l1	lambda_l2	max_bin	num_iterations	force_row_wise	seed	learning_rate	feature_fraction	min_data_in_leaf	num_leaves	envios	ganancia	iteracion
20221016 153857	binary	custom	TRUE	TRUE	FALSE	-100	-1	0	0	0	31	57	TRUE	376291	0.251877969374123	0.563144241860136	1858	112	9420	11936000	1
20221016 154207	binary	custom	TRUE	TRUE	FALSE	-100	-1	0	0	0	31	84	TRUE	376291	0.101645827699162	0.37260232059285	6926	385	12310	8116000	2
20221016 154503	binary	custom	TRUE	TRUE	FALSE	-100	-1	0	0	0	31	63	TRUE	376291	0.128257390386134	0.501962155392393	5346	785	11653	9388000	3
20221016 154828	binary	custom	TRUE	TRUE	FALSE	-100	-1	0	0	0	31	70	TRUE	376291	0.121688087721705	0.4043355502747	2067	436	6120	16488000	4
20221016 155009	binary	custom	TRUE	TRUE	FALSE	-100	-1	0	0	0	31	23	TRUE	376291	0.191256014117098	0.813598527768627	3156	630	10020	11944000	5
20221016 155158	binary	custom	TRUE	TRUE	FALSE	-100	-1	0	0	0	31	21	TRUE	376291	0.154920791431039	0.74235059723258	2491	478	13083	7488000	6
20221016 155421	binary	custom	TRUE	TRUE	FALSE	-100	-1	0	0	0	31	40	TRUE	376291	0.266213864699879	0.899808391509578	1135	710	7195	14162000	7
20221016 155719	binary	custom	TRUE	TRUE	FALSE	-100	-1	0	0	0	31	62	TRUE	376291	0.0915245337670785	0.303115105619654	3407	841	11138	10386000	8
20221016 155953	binary	custom	TRUE	TRUE	FALSE	-100	-1	0	0	0	31	64	TRUE	376291	0.201688058449479	0.453930703345686	7583	560	9648	11718000	9
20221016 160322	binary	custom	TRUE	TRUE	FALSE	-100	-1	0	0	0	31	62	TRUE	376291	0.0756497856708011	0.530846193069592	4860	267	12899	7858000	10
20221016 160458	binary	custom	TRUE	TRUE	FALSE	-100	-1	0	0	0	31	26	TRUE	376291	0.176165410694899	0.988691174639389	4635	27	14750	4796000	11
20221016 162044	binary	custom	TRUE	TRUE	FALSE	-100	-1	0	0	0	31	545	TRUE	376291	0.0128292199966381	0.277162505378947	6189	969	7849	14054000	12
20221016 162333	binary	custom	TRUE	TRUE	FALSE	-100	-1	0	0	0	31	70	TRUE	376291	0.236640266334056	0.667938546258956	1467	341	10695	10282000	13
20221016 162522	binary	custom	TRUE	TRUE	FALSE	-100	-1	0	0	0	31	28	TRUE	376291	0.143815775892755	0.685763459363952	4099	908	14014	6188000	14
20221016 162714	binary	custom	TRUE	TRUE	FALSE	-100	-1	0	0	0	31	61	TRUE	376291	0.283205371434859	0.84811754591763	5998	134	5915	15874000	15
20221016 163343	binary	custom	TRUE	TRUE	FALSE	-100	-1	0	0	0	31	256	TRUE	376291	0.0473567477233009	0.953728083660826	3705	588	5485	17094000	16
20221016 163733	binary	custom	TRUE	TRUE	FALSE	-100	-1	0	0	0	31	93	TRUE	376291	0.219673356120533	0.21067983277142	552	743	6739	14690000	17
20221016 164303	binary	custom	TRUE	TRUE	FALSE	-100	-1	0	0	0	31	195	TRUE	376291	0.0585642237336724	0.325513941124082	7848	274	8899	12754000	18
20221016 164442	binary	custom	TRUE	TRUE	FALSE	-100	-1	0	0	0	31	44	TRUE	376291	0.287984864923463	0.797864156076685	6795	1009	8090	13444000	19
20221016 165327	binary	custom	TRUE	TRUE	FALSE	-100	-1	0	0	0	31	125	TRUE	376291	0.0314805574575439	0.622674702527002	96	190	13828	6182000	20
20221016 165723	binary	custom	TRUE	TRUE	FALSE	-100	-1	0	0	0	31	141	TRUE	376291	0.085434383587765	0.698120239752696	4550	450	5001	17416000	21
20221016 171715	binary	custom	TRUE	TRUE	FALSE	-100	-1	0	0	0	31	863	TRUE	376291	0.012305645275724	0.75083367643325	3709	162	5002	17392000	22
20221016 172057	binary	custom	TRUE	TRUE	FALSE	-100	-1	0	0	0	31	124	TRUE	376291	0.084437770976148	0.820487792208229	3834	232	5002	17344000	23
20221016 173015	binary	custom	TRUE	TRUE	FALSE	-100	-1	0	0	0	31	376	TRUE	376291	0.0316885979843301	0.680669383658352	3571	392	5001	17672000	24
20221016 180815	binary	custom	TRUE	TRUE	FALSE	-100	-1	0	0	0	31	1318	TRUE	376291	0.00864382256949093	0.456766223307627	3087	547	5000	17648000	25
20221016 182400	binary	custom	TRUE	TRUE	FALSE	-100	-1	0	0	0	31	572	TRUE	376291	0.0179013942002033	0.622395676298522	2510	816	5001	17664000	26
20221016 190909	binary	custom	TRUE	TRUE	FALSE	-100	-1	0	0	0	31	1332	TRUE	376291	0.00628307394882143	0.594388630092365	1735	342	5002	17880000	27
20221016 193937	binary	custom	TRUE	TRUE	FALSE	-100	-1	0	0	0	31	168	TRUE	376291	0.00965317497951103	0.716162210103079	44	571	5001	17248000	28
20221016 194840	binary	custom	TRUE	TRUE	FALSE	-100	-1	0	0	0	31	253	TRUE	376291	0.0435329961667599	0.540965537607795	2080	251	5003	17712000	29
20221016 195110	binary	custom	TRUE	TRUE	FALSE	-100	-1	0	0	0	31	48	TRUE	376291	0.185242574455462	0.594062514098943	2536	415	5000	17240000	30
20221016 203602	binary	custom	TRUE	TRUE	FALSE	-100	-1	0	0	0	31	2387	TRUE	376291	0.00509944111250133	0.848892957182596	7993	670	5004	16304000	31
20221016 212346	binary	custom	TRUE	TRUE	FALSE	-100	-1	0	0	0	31	1713	TRUE	376291	0.00505210112124517	0.210860415514641	1858	349	5004	17600000	32
20221016 213957	binary	custom	TRUE	TRUE	FALSE	-100	-1	0	0	0	31	387	TRUE	376291	0.0193297043768722	0.485142751673981	1612	1024	5002	17872000	33
20221016 222817	binary	custom	TRUE	TRUE	FALSE	-100	-1	0	0	0	31	1479	TRUE	376291	0.00557845195254015	0.269606434755051	1589	1022	5000	17760000	34
20221016 232400	binary	custom	TRUE	TRUE	FALSE	-100	-1	0	0	0	31	1763	TRUE	376291	0.00614019975870426	0.541565170560611	2663	1024	5002	17728000	35
20221017 001805	binary	custom	TRUE	TRUE	FALSE	-100	-1	0	0	0	31	1452	TRUE	376291	0.0058719143280897	0.527503022025235	1740	393	5000	17840000	36
20221017 002241	binary	custom	TRUE	TRUE	FALSE	-100	-1	0	0	0	31	91	TRUE	376291	0.0956493944177454	0.448743612365436	1820	1017	5002	17400000	37
20221017 010355	binary	custom	TRUE	TRUE	FALSE	-100	-1	0	0	0	31	1106	TRUE	376291	0.00588110662838216	0.884639162326033	1582	1023	5002	17624000	38
20221017 010635	binary	custom	TRUE	TRUE	FALSE	-100	-1	0	0	0	31	73	TRUE	376291	0.299854447826512	0.20159008060861	5224	296	5001	16384000	39
20221017 011008	binary	custom	TRUE	TRUE	FALSE	-100	-1	0	0	0	31	105	TRUE	376291	0.16737999489907	0.426360835501212	7998	17	5001	16328000	40
20221017 013121	binary	custom	TRUE	TRUE	FALSE	-100	-1	0	0	0	31	633	TRUE	376291	0.0140147771638341	0.610145829145739	2009	458	5003	17808000	41
20221017 131450	binary	custom	TRUE	TRUE	FALSE	-100	-1	0	0	0	31	1396	TRUE	376291	0.00510296743482207	0.577893939296171	1300	1021	5005	17830000	42
20221017 134551	binary	custom	TRUE	TRUE	FALSE	-100	-1	0	0	0	31	1055	TRUE	376291	0.00943805498199482	0.596581906355522	2204	332	5000	17792000	43
20221017 140910	binary	custom	TRUE	TRUE	FALSE	-100	-1	0	0	0	31	617	TRUE	376291	0.0116946087081831	0.405940585242934	1441	246	5000	17832000	44
20221017 142401	binary	custom	TRUE	TRUE	FALSE	-100	-1	0	0	0	31	439	TRUE	376291	0.017967155526163	0.663660415187259	1504	270	5001	17752000	45
20221017 143407	binary	custom	TRUE	TRUE	FALSE	-100	-1	0	0	0	31	385	TRUE	376291	0.0302304552065847	0.390835258080302	1443	17	5000	17576000	46
20221017 144144	binary	custom	TRUE	TRUE	FALSE	-100	-1	0	0	0	31	288	TRUE	376291	0.0306827935382151	0.800498531600569	3944	1023	5001	17304000	47
20221017 144930	binary	custom	TRUE	TRUE	FALSE	-100	-1	0	0	0	31	196	TRUE	376291	0.0383759643477792	0.401181461979304	1614	329	5002	17824000	48
20221017 145152	binary	custom	TRUE	TRUE	FALSE	-100	-1	0	0	0	31	69	TRUE	376291	0.299816082228008	0.585568421903307	7946	906	5002	16480000	49
20221017 145322	binary	custom	TRUE	TRUE	FALSE	-100	-1	0	0	0	31	36	TRUE	376291	0.243661085837878	0.9997912365373	7588	431	5003	16320000	50
20221017 154501	binary	custom	TRUE	TRUE	FALSE	-100	-1	0	0	0	31	1459	TRUE	376291	0.00554197886685898	0.440746329447186	1650	972	5001	17880000	51
20221017 162349	binary	custom	TRUE	TRUE	FALSE	-100	-1	0	0	0	31	1023	TRUE	376291	0.00759081933547346	0.47556917355359	1631	1020	5001	17840000	52
20221017 163931	binary	custom	TRUE	TRUE	FALSE	-100	-1	0	0	0	31	395	TRUE	376291	0.0211782996382589	0.55470766806918	1561	973	5004	17832000	53
20221017 165331	binary	custom	TRUE	TRUE	FALSE	-100	-1	0	0	0	31	327	TRUE	376291	0.0205452559316892	0.397511415590723	1320	998	5002	17792000	54
20221017 170816	binary	custom	TRUE	TRUE	FALSE	-100	-1	0	0	0	31	371	TRUE	376291	0.0213709194066443	0.589592426440479	1532	378	5001	17888000	55
20221017 172454	binary	custom	TRUE	TRUE	FALSE	-100	-1	0	0	0	31	422	TRUE	376291	0.0169071560289696	0.434932855738094	1565	353	5000	17864000	56
20221017 173622	binary	custom	TRUE	TRUE	FALSE	-100	-1	0	0	0	31	461	TRUE	376291	0.0309939731832798	0.267915871862914	3975	910	5000	17536000	57
20221017 181700	binary	custom	TRUE	TRUE	FALSE	-100	-1	0	0	0	31	1245	TRUE	376291	0.00675023026167887	0.309081097936763	1628	237	5002	17848000	58
20221017 191152	binary	custom	TRUE	TRUE	FALSE	-100	-1	0	0	0	31	1509	TRUE	376291	0.00518773812298051	0.590102602340939	1572	384	5197	17626000	59
20221017 192155	binary	custom	TRUE	TRUE	FALSE	-100	-1	0	0	0	31	177	TRUE	376291	0.0185219398856784	0.999147735791942	1325	270	5000	17840000	60
