fecha	objective	metric	first_metric_only	boost_from_average	feature_pre_filter	verbosity	max_depth	min_gain_to_split	lambda_l1	lambda_l2	max_bin	num_iterations	force_row_wise	seed	learning_rate	feature_fraction	min_data_in_leaf	num_leaves	envios	ganancia	iteracion
20221015 152836	binary	custom	TRUE	TRUE	FALSE	-100	-1	0	0	0	31	59	TRUE	376291	0.251877969374123	0.563144241860136	1858	112	9420	11920000	1
20221015 153207	binary	custom	TRUE	TRUE	FALSE	-100	-1	0	0	0	31	82	TRUE	376291	0.101645827699162	0.37260232059285	6926	385	12310	8196000	2
20221015 153519	binary	custom	TRUE	TRUE	FALSE	-100	-1	0	0	0	31	59	TRUE	376291	0.128257390386134	0.501962155392393	5346	785	11653	9324000	3
20221015 153901	binary	custom	TRUE	TRUE	FALSE	-100	-1	0	0	0	31	65	TRUE	376291	0.121688087721705	0.4043355502747	2067	436	6120	16400000	4
20221015 154059	binary	custom	TRUE	TRUE	FALSE	-100	-1	0	0	0	31	32	TRUE	376291	0.191256014117098	0.813598527768627	3156	630	10020	11784000	5
20221015 154309	binary	custom	TRUE	TRUE	FALSE	-100	-1	0	0	0	31	27	TRUE	376291	0.154920791431039	0.74235059723258	2491	478	13083	7368000	6
20221015 154551	binary	custom	TRUE	TRUE	FALSE	-100	-1	0	0	0	31	42	TRUE	376291	0.266213864699879	0.899808391509578	1135	710	7195	14250000	7
20221015 154918	binary	custom	TRUE	TRUE	FALSE	-100	-1	0	0	0	31	68	TRUE	376291	0.0915245337670785	0.303115105619654	3407	841	11138	10018000	8
20221015 155205	binary	custom	TRUE	TRUE	FALSE	-100	-1	0	0	0	31	59	TRUE	376291	0.201688058449479	0.453930703345686	7583	560	9648	11742000	9
20221015 155603	binary	custom	TRUE	TRUE	FALSE	-100	-1	0	0	0	31	67	TRUE	376291	0.0756497856708011	0.530846193069592	4860	267	12899	7762000	10
20221015 155753	binary	custom	TRUE	TRUE	FALSE	-100	-1	0	0	0	31	29	TRUE	376291	0.176165410694899	0.988691174639389	4635	27	14750	4756000	11
20221015 161814	binary	custom	TRUE	TRUE	FALSE	-100	-1	0	0	0	31	692	TRUE	376291	0.0128292199966381	0.277162505378947	6189	969	7849	14102000	12
20221015 162103	binary	custom	TRUE	TRUE	FALSE	-100	-1	0	0	0	31	59	TRUE	376291	0.236640266334056	0.667938546258956	1467	341	10695	10402000	13
20221015 162300	binary	custom	TRUE	TRUE	FALSE	-100	-1	0	0	0	31	28	TRUE	376291	0.143815775892755	0.685763459363952	4099	908	14014	5900000	14
20221015 162501	binary	custom	TRUE	TRUE	FALSE	-100	-1	0	0	0	31	61	TRUE	376291	0.283205371434859	0.84811754591763	5998	134	5915	15954000	15
20221015 194123	binary	custom	TRUE	TRUE	FALSE	-100	-1	0	0	0	31	59	TRUE	376291	0.251877969374123	0.563144241860136	1858	112	9420	11920000	16
20221015 194513	binary	custom	TRUE	TRUE	FALSE	-100	-1	0	0	0	31	82	TRUE	376291	0.101645827699162	0.37260232059285	6926	385	12310	8196000	17
20221015 194825	binary	custom	TRUE	TRUE	FALSE	-100	-1	0	0	0	31	59	TRUE	376291	0.128257390386134	0.501962155392393	5346	785	11653	9324000	18
20221015 195159	binary	custom	TRUE	TRUE	FALSE	-100	-1	0	0	0	31	65	TRUE	376291	0.121688087721705	0.4043355502747	2067	436	6120	16400000	19
20221015 195358	binary	custom	TRUE	TRUE	FALSE	-100	-1	0	0	0	31	32	TRUE	376291	0.191256014117098	0.813598527768627	3156	630	10020	11784000	20
20221015 195603	binary	custom	TRUE	TRUE	FALSE	-100	-1	0	0	0	31	27	TRUE	376291	0.154920791431039	0.74235059723258	2491	478	13083	7368000	21
20221015 195839	binary	custom	TRUE	TRUE	FALSE	-100	-1	0	0	0	31	42	TRUE	376291	0.266213864699879	0.899808391509578	1135	710	7195	14250000	22
20221015 200203	binary	custom	TRUE	TRUE	FALSE	-100	-1	0	0	0	31	68	TRUE	376291	0.0915245337670785	0.303115105619654	3407	841	11138	10018000	23
20221015 200446	binary	custom	TRUE	TRUE	FALSE	-100	-1	0	0	0	31	59	TRUE	376291	0.201688058449479	0.453930703345686	7583	560	9648	11742000	24
20221015 200843	binary	custom	TRUE	TRUE	FALSE	-100	-1	0	0	0	31	67	TRUE	376291	0.0756497856708011	0.530846193069592	4860	267	12899	7762000	25
20221015 201037	binary	custom	TRUE	TRUE	FALSE	-100	-1	0	0	0	31	29	TRUE	376291	0.176165410694899	0.988691174639389	4635	27	14750	4756000	26
20221015 203050	binary	custom	TRUE	TRUE	FALSE	-100	-1	0	0	0	31	692	TRUE	376291	0.0128292199966381	0.277162505378947	6189	969	7849	14102000	27
20221015 203346	binary	custom	TRUE	TRUE	FALSE	-100	-1	0	0	0	31	59	TRUE	376291	0.236640266334056	0.667938546258956	1467	341	10695	10402000	28
20221015 203547	binary	custom	TRUE	TRUE	FALSE	-100	-1	0	0	0	31	28	TRUE	376291	0.143815775892755	0.685763459363952	4099	908	14014	5900000	29
20221015 203752	binary	custom	TRUE	TRUE	FALSE	-100	-1	0	0	0	31	61	TRUE	376291	0.283205371434859	0.84811754591763	5998	134	5915	15954000	30
20221015 204509	binary	custom	TRUE	TRUE	FALSE	-100	-1	0	0	0	31	243	TRUE	376291	0.0473567477233009	0.953728083660826	3705	588	5485	16998000	31
20221015 204919	binary	custom	TRUE	TRUE	FALSE	-100	-1	0	0	0	31	82	TRUE	376291	0.219673356120533	0.21067983277142	552	743	6739	14722000	32
20221015 205446	binary	custom	TRUE	TRUE	FALSE	-100	-1	0	0	0	31	160	TRUE	376291	0.0585642237336724	0.325513941124082	7848	274	8899	12586000	33
20221015 205615	binary	custom	TRUE	TRUE	FALSE	-100	-1	0	0	0	31	25	TRUE	376291	0.287984864923463	0.797864156076685	6795	1009	8090	13324000	34
20221015 210633	binary	custom	TRUE	TRUE	FALSE	-100	-1	0	0	0	31	151	TRUE	376291	0.0314805574575439	0.622674702527002	96	190	13828	6214000	35
20221015 211032	binary	custom	TRUE	TRUE	FALSE	-100	-1	0	0	0	31	140	TRUE	376291	0.0932634254645796	0.689587720351476	4781	482	5000	17336000	36
20221015 213604	binary	custom	TRUE	TRUE	FALSE	-100	-1	0	0	0	31	1059	TRUE	376291	0.0122482710326589	0.730678067906476	3892	187	5001	17592000	37
20221015 224857	binary	custom	TRUE	TRUE	FALSE	-100	-1	0	0	0	31	2493	TRUE	376291	0.00530549497372686	0.569821420810659	4341	405	5000	17336000	38
20221015 225530	binary	custom	TRUE	TRUE	FALSE	-100	-1	0	0	0	31	242	TRUE	376291	0.0526637691000174	0.793558251118644	4688	19	5000	17248000	39
20221015 230351	binary	custom	TRUE	TRUE	FALSE	-100	-1	0	0	0	31	257	TRUE	376291	0.0312201395069011	0.750080156104763	2705	290	5001	17392000	40
20221015 234427	binary	custom	TRUE	TRUE	FALSE	-100	-1	0	0	0	31	1582	TRUE	376291	0.00530415789011684	0.74613998930126	4640	268	5478	16802000	41
20221015 234814	binary	custom	TRUE	TRUE	FALSE	-100	-1	0	0	0	31	81	TRUE	376291	0.134123219263231	0.43742029959143	3635	149	5000	17144000	42
20221015 235125	binary	custom	TRUE	TRUE	FALSE	-100	-1	0	0	0	31	89	TRUE	376291	0.11033560687282	0.998087354205142	3706	190	5000	16800000	43
20221016 000028	binary	custom	TRUE	TRUE	FALSE	-100	-1	0	0	0	31	324	TRUE	376291	0.0324611045425248	0.67760400725995	3425	841	5002	17432000	44
20221016 003031	binary	custom	TRUE	TRUE	FALSE	-100	-1	0	0	0	31	1032	TRUE	376291	0.00852789176196043	0.632997036047195	3034	44	5000	17424000	45
20221016 003859	binary	custom	TRUE	TRUE	FALSE	-100	-1	0	0	0	31	333	TRUE	376291	0.0390775032669585	0.813960797869777	3860	730	5001	17432000	46
20221016 004616	binary	custom	TRUE	TRUE	FALSE	-100	-1	0	0	0	31	196	TRUE	376291	0.0535326633838156	0.428473137556188	3677	591	5000	17400000	47
20221016 004832	binary	custom	TRUE	TRUE	FALSE	-100	-1	0	0	0	31	35	TRUE	376291	0.299388147920088	0.585601447600812	3814	590	5000	16728000	48
20221016 005426	binary	custom	TRUE	TRUE	FALSE	-100	-1	0	0	0	31	265	TRUE	376291	0.0508463267968557	0.696393304201162	7997	761	5002	16528000	49
20221016 005957	binary	custom	TRUE	TRUE	FALSE	-100	-1	0	0	0	31	189	TRUE	376291	0.0571034306070372	0.894108752019852	3712	1023	5000	17232000	50
20221016 011446	binary	custom	TRUE	TRUE	FALSE	-100	-1	0	0	0	31	175	TRUE	376291	0.0160940824539768	0.634603415699477	38	174	5000	17112000	51
20221016 012459	binary	custom	TRUE	TRUE	FALSE	-100	-1	0	0	0	31	376	TRUE	376291	0.0331666114741337	0.203132541774777	3642	340	5000	17248000	52
20221016 012845	binary	custom	TRUE	TRUE	FALSE	-100	-1	0	0	0	31	118	TRUE	376291	0.136036585896479	0.200252356782223	4257	980	5002	16776000	53
20221016 013104	binary	custom	TRUE	TRUE	FALSE	-100	-1	0	0	0	31	49	TRUE	376291	0.160806152552772	0.746557671815587	3842	1023	5835	16442000	54
20221016 032036	binary	custom	TRUE	TRUE	FALSE	-100	-1	0	0	0	31	1070	TRUE	376291	0.00681617640726534	0.934038473639801	25	932	5001	16728000	55
20221016 032311	binary	custom	TRUE	TRUE	FALSE	-100	-1	0	0	0	31	63	TRUE	376291	0.299971616808895	0.220776076743818	6713	137	5002	16384000	56
20221016 034058	binary	custom	TRUE	TRUE	FALSE	-100	-1	0	0	0	31	689	TRUE	376291	0.0158353211086765	0.713423880761659	3613	674	5001	17416000	57
20221016 034630	binary	custom	TRUE	TRUE	FALSE	-100	-1	0	0	0	31	173	TRUE	376291	0.0637418313947348	0.629418162969054	3721	710	5000	17224000	58
20221016 034847	binary	custom	TRUE	TRUE	FALSE	-100	-1	0	0	0	31	68	TRUE	376291	0.217079404160874	0.868587295314356	6290	544	5000	16392000	59
20221016 042640	binary	custom	TRUE	TRUE	FALSE	-100	-1	0	0	0	31	1538	TRUE	376291	0.0075650452185854	0.997424018486422	4043	868	5000	17840000	60
